---
r11: 0.999953
r12: 0.00912388
r13: -0.00319268
r21: -0.00911744
r22: 0.999956
r23: 0.00202387
r31: 0.00321101
r32: -0.00199467
r33: 0.999993
t1: -0.0149798
t2: -0.0000687229
t3: -0.000243912
cx_c: 628.504
cy_c: 362.198
fx_c: 918.268
fy_c: 918.581
cx_d: 642.674
cy_d: 364.718
fx_d: 636.604
fy_d: 636.604
