---
r11: 0.999968
r12: -0.00766272
r13: 0.00213533
r21: 0.0076658
r22: 0.99997
r23: -0.00143782
r31: -0.00212425
r32: 0.00145415
r33: 0.999997
t1: 0.0145533
t2: 0.000495733
t3: -0.000129612
cx_c: 628.504
cy_c: 362.198
fx_c: 918.268
fy_c: 918.581
cx_d: 642.674
cy_d: 364.718
fx_d: 636.604
fy_d: 636.604
